%ROT
lat1 =  14.081236;
lon1 = 145.086328;
lat2 =  14.217296; 
lon2 = 145.313398; 

%AGU
lat1 =  14.818748;
lon1 = 145.514322;
lat2 =  14.872784; 
lon2 = 145.587592; 

%TIN/SAI
lat1 =   14.901919;
lon1 = 145.540838;
lat2 =   15.303552; 
lon2 = 145.865819;

%SAR
lat1 =    16.683407;
lon1 = 145.758308;
lat2 =   16.727348; 
lon2 = 145.803601;

%GUG
lat1 =     17.278250;
lon1 = 145.812610;
lat2 =    17.331927; 
lon2 = 145.866961;

%ALA
lat1 =      17.558395;
lon1 = 145.793519;
lat2 =     17.628939; 
lon2 = 145.869939;

%PAG
lat1 =       18.014530;
lon1 = 145.667969;
lat2 =      18.184104; 
lon2 = 145.849436;

%ASC
lat1 =        19.655720;
lon1 = 145.368600;
lat2 =       19.716177; 
lon2 = 145.434779;

%MAU
lat1 =     20.000544;
lon1 = 145.196982;
lat2 =        20.040609; 
lon2 = 145.248313;

%FDP
lat1 =      20.524379;
lon1 = 144.874564;
lat2 =        20.561514; 
lon2 = 144.913059;

%ANA
lat1 =       16.281338;
lon1 = 145.594161;
lat2 =         16.400800; 
lon2 = 145.770425;

%AGR
lat1 =         18.670666;
lon1 = 145.581487;
lat2 =           18.846399; 
lon2 = 145.756916;

%WAK
lat1 =     19.242628;
lon1 = 166.576243;
lat2 =       19.331803; 
lon2 = 166.674778;

%HOW
lat1 =      0.770667;
lon1 = -176.639952;
lat2 =         0.833999; 
lon2 = -176.595287;

%BAK
lat1 =       0.170759;
lon1 = -176.504467;
lat2 =         0.210263; 
lon2 = -176.455438;

%JAR
lat1 =     -0.415480;
lon1 = -160.051560;
lat2 =      -0.340329; 
lon2 = -159.948111;

%PAL
lat1 =     5.840042;
lon1 = -162.197403;
lat2 =       5.902850; 
lon2 = -161.956631;

%KIN
lat1 =      6.347637;
lon1 = -162.513562;
lat2 =       6.474348; 
lon2 = -162.307517;

%JOH
lat1 =     16.574477;
lon1 = -169.640667;
lat2 =      16.824510; 
lon2 = -169.298489;

%HAW
lat1 =     18.745539;
lon1 = -156.264539;
lat2 =       20.372990; 
lon2 = -154.613199;

%MAUI NUI
lat1 =      20.421088;
lon1 = -157.439664;
lat2 =      21.275487; 
lon2 = -155.769606;

%OAH
lat1 =     21.083614;
lon1 = -158.408678;
lat2 =     21.805294; 
lon2 = -157.551476;

%KAU
lat1 =     21.714896;
lon1 = -159.879725;
lat2 =    22.329165; 
lon2 = -159.171901;

%NII
lat1 =    21.619928;
lon1 = -160.411882;
lat2 =    22.107762; 
lon2 = -159.951370;